(f8b38869-49e6-4712-9be2-8aa4ed4b6fa2,5,9,0.5555555555555556)
(2142e158-079e-48d9-95d7-b5469f9556c6,7,13,0.5384615384615384)
(e26daae1-6c6a-4c92-acfc-d5e153a51cfd,8,14,0.5714285714285714)
(277281af-959e-4d4f-a58c-ca2ee3ee5e24,6,9,0.6666666666666666)
(a6ba5880-b8fe-48c5-8335-c6aba7b28c31,10,9,1.1111111111111112)
(cae24e6b-d95c-4cbf-aeb1-c62a09b86678,6,11,0.5454545454545454)
(fbf69f48-13b8-4bf4-a0b3-c13163fbc0cb,5,7,0.7142857142857143)
(65111145-c2b8-418d-9d69-8e624b0e571e,5,5,1.0)
(7b43b87f-aa78-4ba3-9979-f27398845ce9,7,10,0.7)
(d2f829c7-d6a9-41ed-9f51-a213bbd4cc14,5,9,0.5555555555555556)
(455e4fed-a2b1-4e8c-8851-bac0c17e4beb,191,457,0.4179431072210066)
(3f0b7e1f-8ac2-4e2b-893f-c304c3cb4faf,200,457,0.437636761487965)
(17abc8d7-db84-454c-8dc9-9edf06e9db05,225,522,0.43103448275862066)
(fc842a27-6283-4a7b-993c-85b2df215bd9,229,450,0.5088888888888888)
(f884f37f-bf54-455c-a605-2aa62f545c0f,194,479,0.40501043841336115)
(b10dc304-d2e7-4356-9938-ebc62cb14cae,195,469,0.4157782515991471)
(a6ba5880-b8fe-48c5-8335-c6aba7b28c31,221,494,0.4473684210526316)
(969ce337-a133-4162-a2c3-49fe2f0a30c9,187,492,0.3800813008130081)
(776d108e-b880-4dbc-abab-f6e4ea2d65ed,212,485,0.43711340206185567)
(6cefc732-9742-467a-af7f-5b768a2b5a22,195,408,0.47794117647058826)
(9ddab86e-d9ab-450b-8855-3516f0c5abfe,219,488,0.4487704918032787)
(1e78d96a-5e44-4729-b3e8-0258c5535767,227,478,0.47489539748953974)
(0f600b98-a459-4c90-a5db-d9dedc88c4f2,208,476,0.4369747899159664)
(cae24e6b-d95c-4cbf-aeb1-c62a09b86678,191,460,0.4152173913043478)
(b4d1dc3c-3f8f-49d3-8148-677d073e00df,235,507,0.4635108481262327)
(6bcacd6d-e41d-42e8-8060-2fd4de325730,210,480,0.4375)
(e26daae1-6c6a-4c92-acfc-d5e153a51cfd,218,458,0.4759825327510917)
(2142e158-079e-48d9-95d7-b5469f9556c6,194,456,0.42543859649122806)
(f8b38869-49e6-4712-9be2-8aa4ed4b6fa2,178,484,0.3677685950413223)
(0ad620c0-82e6-4bcf-bbe8-09c8de89cbd5,178,482,0.36929460580912865)
(277281af-959e-4d4f-a58c-ca2ee3ee5e24,208,446,0.4663677130044843)
(5d51abf9-51e6-4932-af7a-ea5e860b3b89,215,467,0.4603854389721627)
(1d7d9286-a160-46b9-aad5-7c444bd732d9,226,494,0.4574898785425101)
(206386f7-d44d-4bf6-b325-36595b845ef5,203,449,0.4521158129175947)
(bf10455c-15fc-4875-bbeb-10e89f6fd6b1,206,471,0.43736730360934184)
(65111145-c2b8-418d-9d69-8e624b0e571e,219,521,0.42034548944337813)
(6b54c567-e225-4d41-86d7-e3d461afa644,209,463,0.4514038876889849)
(eb8a6072-6605-4279-a0c8-c67b40938482,220,467,0.47109207708779444)
(7461ffa3-0b9c-4bfa-98c0-24973d7d167a,194,412,0.470873786407767)
(eb5e2a5c-194f-4bdf-903e-ae94f44c7fef,213,479,0.44467640918580376)
(7b43b87f-aa78-4ba3-9979-f27398845ce9,216,462,0.4675324675324675)
(fbf69f48-13b8-4bf4-a0b3-c13163fbc0cb,205,439,0.46697038724373574)
(d461629c-b630-4473-9d3c-49026e55003b,226,486,0.46502057613168724)
(20b2759a-c67a-4c5a-90da-1927ace0f887,224,428,0.5233644859813084)
(9f5bc53e-b24e-43b5-bae8-8e0490be5511,236,477,0.4947589098532495)
(316d26ad-8f67-43f7-a08e-fe2cb8a04e8b,210,448,0.46875)
(4d6a6d9b-623b-4c4d-8e93-7ee5283ceeb7,236,445,0.5303370786516854)
(4b7a0d1e-f355-40a1-8285-180ddbc01e89,212,452,0.4690265486725664)
(d2f829c7-d6a9-41ed-9f51-a213bbd4cc14,203,509,0.3988212180746562)
(da86cde1-4ccd-4663-9155-40de423e5dd7,236,478,0.49372384937238495)
(dc865ccc-8751-44e7-8065-9e537eed5593,220,459,0.4793028322440087)
(20823b44-4f88-4287-9b06-462f65c82418,207,460,0.45)
(db220ac4-9c04-45ee-94b9-76f16a4039b0,188,482,0.3900414937759336)
(d59f002d-c4b3-4bc9-8088-5ab6831359e4,209,455,0.4593406593406593)
(af74a026-e611-43c9-93e3-d035e5f8e860,231,495,0.4666666666666667)
(b2e63445-f6ac-4571-b4c4-aaa4f36a18c1,186,465,0.4)
(d1fcfabd-5eb8-4f9e-9767-c3faab2549f3,190,499,0.3807615230460922)
(25c4e1d1-940d-4421-8cb2-2f12b614afea,223,427,0.522248243559719)
(317aa2b2-b0d8-42ec-9981-58ef39cd1900,212,474,0.4472573839662447)
(d68b15dd-1250-4f38-b579-19ca1b50f865,227,495,0.4585858585858586)
